0 0 19 0 0 2 0 0 0 550 0.00 0.00 
1 0 0 0 0 2 1 0 0 550 0.00 0.00 
2 0 18 0 0 2 0 0 1 468 0.00 0.00 
3 0 1 0 0 2 1 0 1 468 0.00 0.00 
4 0 15 0 1 0 0 0 10 660 0.00 0.00 
5 0 4 0 1 0 1 0 10 660 0.00 0.00 
6 0 19 0 2 2 0 0 11 661 0.00 0.00 
7 0 0 0 2 2 1 0 11 661 0.00 0.00 
8 0 16 0 2 2 0 0 12 662 0.00 0.00 
9 0 3 0 2 2 1 0 12 662 0.00 0.00 
10 0 19 0 2 1 0 0 13 663 0.00 0.00 
11 0 0 0 2 1 1 0 13 663 0.00 0.00 
12 0 17 0 2 1 0 0 14 664 0.00 0.00 
13 0 2 0 2 1 1 0 14 664 0.00 0.00 
14 0 14 0 2 1 0 0 15 621 0.00 0.00 
15 0 5 0 2 1 1 0 15 621 0.00 0.00 
16 0 19 0 2 0 0 0 16 622 0.00 0.00 
17 0 0 0 2 0 1 0 16 622 0.00 0.00 
18 0 17 0 2 0 0 0 17 623 0.00 0.00 
19 0 2 0 2 0 1 0 17 623 0.00 0.00 
20 0 14 0 2 0 0 0 18 566 0.00 0.00 
21 0 5 0 2 0 1 0 18 566 0.00 0.00 
22 0 19 0 3 3 0 0 19 624 0.00 0.00 
23 0 0 0 3 3 1 0 19 624 0.00 0.00 
24 0 19 0 0 0 0 0 2 469 0.00 0.00 
25 0 0 0 0 0 1 0 2 469 0.00 0.00 
26 0 17 0 3 3 0 0 20 625 0.00 0.00 
27 0 2 0 3 3 1 0 20 625 0.00 0.00 
28 0 15 0 3 3 0 0 21 626 0.00 0.00 
29 0 4 0 3 3 1 0 21 626 0.00 0.00 
30 0 13 0 3 3 0 0 22 665 0.00 0.00 
31 0 6 0 3 3 1 0 22 665 0.00 0.00 
32 0 19 0 3 2 0 0 23 666 0.00 0.00 
33 0 0 0 3 2 1 0 23 666 0.00 0.00 
34 0 16 0 3 2 0 0 24 667 0.00 0.00 
35 0 3 0 3 2 1 0 24 667 0.00 0.00 
36 0 13 0 3 2 0 0 25 668 0.00 0.00 
37 0 6 0 3 2 1 0 25 668 0.00 0.00 
38 0 18 0 3 1 0 0 26 669 0.00 0.00 
39 0 1 0 3 1 1 0 26 669 0.00 0.00 
40 0 15 0 3 1 0 0 27 670 0.00 0.00 
41 0 4 0 3 1 1 0 27 670 0.00 0.00 
42 0 13 0 3 1 0 0 28 671 0.00 0.00 
43 0 6 0 3 1 1 0 28 671 0.00 0.00 
44 0 18 0 3 0 0 0 29 672 0.00 0.00 
45 0 1 0 3 0 1 0 29 672 0.00 0.00 
46 0 19 0 1 3 0 0 3 551 0.00 0.00 
47 0 0 0 1 3 1 0 3 551 0.00 0.00 
48 0 15 0 3 0 0 0 30 673 0.00 0.00 
49 0 4 0 3 0 1 0 30 673 0.00 0.00 
50 0 12 0 3 0 0 0 31 636 0.00 0.00 
51 0 7 0 3 0 1 0 31 636 0.00 0.00 
52 0 16 0 4 3 0 0 32 637 0.00 0.00 
53 0 3 0 4 3 1 0 32 637 0.00 0.00 
54 0 12 0 4 3 0 0 33 581 0.00 0.00 
55 0 7 0 4 3 1 0 33 581 0.00 0.00 
56 0 14 0 4 2 0 0 34 501 0.00 0.00 
57 0 5 0 4 2 1 0 34 501 0.00 0.00 
58 0 16 0 4 1 0 0 35 408 0.00 0.00 
59 0 3 0 4 1 1 0 35 408 0.00 0.00 
60 0 12 0 4 1 0 0 36 502 0.00 0.00 
61 0 7 0 4 1 1 0 36 502 0.00 0.00 
62 0 18 0 1 3 0 0 4 610 0.00 0.00 
63 0 1 0 1 3 1 0 4 610 0.00 0.00 
64 0 19 0 1 1 0 0 5 611 0.00 0.00 
65 0 0 0 1 1 1 0 5 611 0.00 0.00 
66 0 18 0 1 1 0 0 6 656 0.00 0.00 
67 0 1 0 1 1 1 0 6 656 0.00 0.00 
68 0 15 0 1 1 0 0 7 657 0.00 0.00 
69 0 4 0 1 1 1 0 7 657 0.00 0.00 
70 0 19 0 1 0 0 0 8 658 0.00 0.00 
71 0 0 0 1 0 1 0 8 658 0.00 0.00 
72 0 18 0 1 0 0 0 9 659 0.00 0.00 
73 0 1 0 1 0 1 0 9 659 0.00 0.00 
74 0 19 0 0 3 0 1 0 549 0.00 0.00 
75 0 0 0 0 3 1 1 0 549 0.00 0.00 
76 0 17 0 0 2 0 1 1 467 0.00 0.00 
77 0 2 0 0 2 1 1 1 467 0.00 0.00 
78 0 14 0 1 0 0 1 10 616 0.00 0.00 
79 0 5 0 1 0 1 1 10 616 0.00 0.00 
80 0 18 0 2 2 0 1 11 617 0.00 0.00 
81 0 1 0 2 2 1 1 11 617 0.00 0.00 
82 0 15 0 2 2 0 1 12 618 0.00 0.00 
83 0 4 0 2 2 1 1 12 618 0.00 0.00 
84 0 18 0 2 1 0 1 13 619 0.00 0.00 
85 0 1 0 2 1 1 1 13 619 0.00 0.00 
86 0 16 0 2 1 0 1 14 620 0.00 0.00 
87 0 3 0 2 1 1 1 14 620 0.00 0.00 
88 0 13 0 2 1 0 1 15 563 0.00 0.00 
89 0 6 0 2 1 1 1 15 563 0.00 0.00 
90 0 18 0 2 0 0 1 16 564 0.00 0.00 
91 0 1 0 2 0 1 1 16 564 0.00 0.00 
92 0 16 0 2 0 0 1 17 565 0.00 0.00 
93 0 3 0 2 0 1 1 17 565 0.00 0.00 
94 0 13 0 2 0 0 1 18 485 0.00 0.00 
95 0 6 0 2 0 1 1 18 485 0.00 0.00 
96 0 18 0 3 3 0 1 19 567 0.00 0.00 
97 0 1 0 3 3 1 1 19 567 0.00 0.00 
98 0 18 0 0 0 0 1 2 376 0.00 0.00 
99 0 1 0 0 0 1 1 2 376 0.00 0.00 
100 0 16 0 3 3 0 1 20 568 0.00 0.00 
101 0 3 0 3 3 1 1 20 568 0.00 0.00 
102 0 14 0 3 3 0 1 21 569 0.00 0.00 
103 0 5 0 3 3 1 1 21 569 0.00 0.00 
104 0 12 0 3 3 0 1 22 627 0.00 0.00 
105 0 7 0 3 3 1 1 22 627 0.00 0.00 
106 0 18 0 3 2 0 1 23 628 0.00 0.00 
107 0 1 0 3 2 1 1 23 628 0.00 0.00 
108 0 15 0 3 2 0 1 24 629 0.00 0.00 
109 0 4 0 3 2 1 1 24 629 0.00 0.00 
110 0 12 0 3 2 0 1 25 630 0.00 0.00 
111 0 7 0 3 2 1 1 25 630 0.00 0.00 
112 0 17 0 3 1 0 1 26 631 0.00 0.00 
113 0 2 0 3 1 1 1 26 631 0.00 0.00 
114 0 14 0 3 1 0 1 27 632 0.00 0.00 
115 0 5 0 3 1 1 1 27 632 0.00 0.00 
116 0 12 0 3 1 0 1 28 633 0.00 0.00 
117 0 7 0 3 1 1 1 28 633 0.00 0.00 
118 0 17 0 3 0 0 1 29 634 0.00 0.00 
119 0 2 0 3 0 1 1 29 634 0.00 0.00 
120 0 16 0 0 0 0 1 3 470 0.00 0.00 
121 0 3 0 0 0 1 1 3 470 0.00 0.00 
122 0 14 0 3 0 0 1 30 635 0.00 0.00 
123 0 5 0 3 0 1 1 30 635 0.00 0.00 
124 0 19 0 4 3 0 1 31 579 0.00 0.00 
125 0 0 0 4 3 1 1 31 579 0.00 0.00 
126 0 15 0 4 3 0 1 32 580 0.00 0.00 
127 0 4 0 4 3 1 1 32 580 0.00 0.00 
128 0 18 0 4 2 0 1 33 500 0.00 0.00 
129 0 1 0 4 2 1 1 33 500 0.00 0.00 
130 0 13 0 4 2 0 1 34 312 0.00 0.00 
131 0 6 0 4 2 1 1 34 312 0.00 0.00 
132 0 15 0 4 1 0 1 35 409 0.00 0.00 
133 0 4 0 4 1 1 1 35 409 0.00 0.00 
134 0 15 0 4 0 0 1 36 503 0.00 0.00 
135 0 4 0 4 0 1 1 36 503 0.00 0.00 
136 0 17 0 1 3 0 1 4 552 0.00 0.00 
137 0 2 0 1 3 1 1 4 552 0.00 0.00 
138 0 14 0 1 3 0 1 5 553 0.00 0.00 
139 0 5 0 1 3 1 1 5 553 0.00 0.00 
140 0 17 0 1 1 0 1 6 612 0.00 0.00 
141 0 2 0 1 1 1 1 6 612 0.00 0.00 
142 0 14 0 1 1 0 1 7 613 0.00 0.00 
143 0 5 0 1 1 1 1 7 613 0.00 0.00 
144 0 12 0 1 1 0 1 8 614 0.00 0.00 
145 0 7 0 1 1 1 1 8 614 0.00 0.00 
146 0 17 0 1 0 0 1 9 615 0.00 0.00 
147 0 2 0 1 0 1 1 9 615 0.00 0.00 
148 0 15 1 0 2 0 10 1 458 0.00 0.00 
149 0 4 1 0 2 1 10 1 458 0.00 0.00 
150 0 7 1 1 0 0 10 10 260 0.00 0.00 
151 0 12 1 1 0 1 10 10 260 0.00 0.00 
152 0 6 1 1 0 0 10 11 259 0.00 0.00 
153 0 13 1 1 0 1 10 11 259 0.00 0.00 
154 0 3 1 1 0 0 10 12 258 0.00 0.00 
155 0 16 1 1 0 1 10 12 258 0.00 0.00 
156 0 5 1 2 2 0 10 13 257 0.00 0.00 
157 0 14 1 2 2 1 10 13 257 0.00 0.00 
158 0 3 1 2 2 0 10 14 256 0.00 0.00 
159 0 16 1 2 2 1 10 14 256 0.00 0.00 
160 0 7 1 2 1 0 10 15 347 0.00 0.00 
161 0 12 1 2 1 1 10 15 347 0.00 0.00 
162 0 8 1 2 1 0 10 16 346 0.00 0.00 
163 0 11 1 2 1 1 10 16 346 0.00 0.00 
164 0 7 1 2 0 0 10 17 167 0.00 0.00 
165 0 12 1 2 0 1 10 17 167 0.00 0.00 
166 0 9 1 2 0 0 10 18 252 0.00 0.00 
167 0 10 1 2 0 1 10 18 252 0.00 0.00 
168 0 2 1 2 0 0 10 19 165 0.00 0.00 
169 0 17 1 2 0 1 10 19 165 0.00 0.00 
170 0 10 1 0 3 0 10 2 367 0.00 0.00 
171 0 9 1 0 3 1 10 2 367 0.00 0.00 
172 0 7 1 3 3 0 10 20 342 0.00 0.00 
173 0 12 1 3 3 1 10 20 342 0.00 0.00 
174 0 3 1 3 3 0 10 21 341 0.00 0.00 
175 0 16 1 3 3 1 10 21 341 0.00 0.00 
176 0 6 1 3 2 0 10 22 248 0.00 0.00 
177 0 13 1 3 2 1 10 22 248 0.00 0.00 
178 0 3 1 3 2 0 10 23 247 0.00 0.00 
179 0 16 1 3 2 1 10 23 247 0.00 0.00 
180 0 7 1 3 1 0 10 24 246 0.00 0.00 
181 0 12 1 3 1 1 10 24 246 0.00 0.00 
182 0 3 1 3 1 0 10 25 245 0.00 0.00 
183 0 16 1 3 1 1 10 25 245 0.00 0.00 
184 0 0 1 3 1 0 10 26 244 0.00 0.00 
185 0 19 1 3 1 1 10 26 244 0.00 0.00 
186 0 7 1 4 3 0 10 27 77 0.00 0.00 
187 0 12 1 4 3 1 10 27 77 0.00 0.00 
188 0 7 1 4 2 0 10 28 6 0.00 0.00 
189 0 12 1 4 2 1 10 28 6 0.00 0.00 
190 0 4 0 4 2 0 10 29 1 0.00 0.00 
191 0 15 0 4 2 1 10 29 1 0.00 0.00 
192 0 7 0 0 3 0 10 3 275 0.00 0.00 
193 0 12 0 0 3 1 10 3 275 0.00 0.00 
194 0 6 0 4 1 0 10 30 18 0.00 0.00 
195 0 13 0 4 1 1 10 30 18 0.00 0.00 
196 0 2 0 4 1 0 10 31 64 0.00 0.00 
197 0 17 0 4 1 1 10 31 64 0.00 0.00 
198 0 3 0 4 0 0 10 32 143 0.00 0.00 
199 0 16 0 4 0 1 10 32 143 0.00 0.00 
200 0 0 0 4 0 0 10 33 229 0.00 0.00 
201 0 19 0 4 0 1 10 33 229 0.00 0.00 
202 0 8 1 4 0 0 10 34 321 0.00 0.00 
203 0 11 1 4 0 1 10 34 321 0.00 0.00 
204 0 13 1 4 1 0 10 35 418 0.00 0.00 
205 0 6 1 4 1 1 10 35 418 0.00 0.00 
206 0 6 0 0 3 0 10 4 189 0.00 0.00 
207 0 13 0 0 3 1 10 4 189 0.00 0.00 
208 0 3 0 0 2 0 10 5 108 0.00 0.00 
209 0 16 0 0 2 1 10 5 108 0.00 0.00 
210 0 2 0 0 2 0 10 6 48 0.00 0.00 
211 0 17 0 0 2 1 10 6 48 0.00 0.00 
212 0 1 0 0 0 0 10 7 12 0.00 0.00 
213 0 18 0 0 0 1 10 7 12 0.00 0.00 
214 0 0 1 0 0 0 10 8 7 0.00 0.00 
215 0 19 1 0 0 1 10 8 7 0.00 0.00 
216 0 2 1 1 1 0 10 9 95 0.00 0.00 
217 0 17 1 1 1 1 10 9 95 0.00 0.00 
218 0 16 1 0 2 0 11 1 457 0.00 0.00 
219 0 3 1 0 2 1 11 1 457 0.00 0.00 
220 0 10 1 1 0 0 11 10 352 0.00 0.00 
221 0 9 1 1 0 1 11 10 352 0.00 0.00 
222 0 8 1 1 0 0 11 11 351 0.00 0.00 
223 0 11 1 1 0 1 11 11 351 0.00 0.00 
224 0 7 1 2 2 0 11 12 350 0.00 0.00 
225 0 12 1 2 2 1 11 12 350 0.00 0.00 
226 0 6 1 2 2 0 11 13 349 0.00 0.00 
227 0 13 1 2 2 1 11 13 349 0.00 0.00 
228 0 10 1 2 1 0 11 14 348 0.00 0.00 
229 0 9 1 2 1 1 11 14 348 0.00 0.00 
230 0 9 1 2 1 0 11 15 441 0.00 0.00 
231 0 10 1 2 1 1 11 15 441 0.00 0.00 
232 0 12 1 2 1 0 11 16 440 0.00 0.00 
233 0 7 1 2 1 1 11 16 440 0.00 0.00 
234 0 10 1 2 0 0 11 17 253 0.00 0.00 
235 0 9 1 2 0 1 11 17 253 0.00 0.00 
236 0 12 1 2 0 0 11 18 344 0.00 0.00 
237 0 7 1 2 0 1 11 18 344 0.00 0.00 
238 0 3 1 2 0 0 11 19 251 0.00 0.00 
239 0 16 1 2 0 1 11 19 251 0.00 0.00 
240 0 12 1 0 3 0 11 2 366 0.00 0.00 
241 0 7 1 0 3 1 11 2 366 0.00 0.00 
242 0 10 1 3 3 0 11 20 436 0.00 0.00 
243 0 9 1 3 3 1 11 20 436 0.00 0.00 
244 0 9 1 3 3 0 11 21 435 0.00 0.00 
245 0 10 1 3 3 1 11 21 435 0.00 0.00 
246 0 7 1 3 2 0 11 22 340 0.00 0.00 
247 0 12 1 3 2 1 11 22 340 0.00 0.00 
248 0 9 1 3 2 0 11 23 339 0.00 0.00 
249 0 10 1 3 2 1 11 23 339 0.00 0.00 
250 0 0 1 3 2 0 11 24 338 0.00 0.00 
251 0 19 1 3 2 1 11 24 338 0.00 0.00 
252 0 4 1 3 1 0 11 25 337 0.00 0.00 
253 0 15 1 3 1 1 11 25 337 0.00 0.00 
254 0 1 1 3 1 0 11 26 336 0.00 0.00 
255 0 18 1 3 1 1 11 26 336 0.00 0.00 
256 0 2 1 3 0 0 11 27 157 0.00 0.00 
257 0 17 1 3 0 1 11 27 157 0.00 0.00 
258 0 3 1 4 3 0 11 28 30 0.00 0.00 
259 0 16 1 4 3 1 11 28 30 0.00 0.00 
260 0 7 0 4 1 0 11 29 2 0.00 0.00 
261 0 12 0 4 1 1 11 29 2 0.00 0.00 
262 0 7 1 0 3 0 11 3 274 0.00 0.00 
263 0 12 1 0 3 1 11 3 274 0.00 0.00 
264 0 5 0 4 1 0 11 30 19 0.00 0.00 
265 0 14 0 4 1 1 11 30 19 0.00 0.00 
266 0 5 0 4 0 0 11 31 65 0.00 0.00 
267 0 14 0 4 0 1 11 31 65 0.00 0.00 
268 0 2 0 4 0 0 11 32 144 0.00 0.00 
269 0 17 0 4 0 1 11 32 144 0.00 0.00 
270 0 0 1 4 0 0 11 33 230 0.00 0.00 
271 0 19 1 4 0 1 11 33 230 0.00 0.00 
272 0 9 1 4 0 0 11 34 322 0.00 0.00 
273 0 10 1 4 0 1 11 34 322 0.00 0.00 
274 0 14 1 4 1 0 11 35 419 0.00 0.00 
275 0 5 1 4 1 1 11 35 419 0.00 0.00 
276 0 5 0 0 3 0 11 4 188 0.00 0.00 
277 0 14 0 0 3 1 11 4 188 0.00 0.00 
278 0 3 0 0 3 0 11 5 107 0.00 0.00 
279 0 16 0 0 3 1 11 5 107 0.00 0.00 
280 0 1 0 0 2 0 11 6 47 0.00 0.00 
281 0 18 0 0 2 1 11 6 47 0.00 0.00 
282 0 0 0 0 2 0 11 7 11 0.00 0.00 
283 0 19 0 0 2 1 11 7 11 0.00 0.00 
284 0 1 1 1 3 0 11 8 36 0.00 0.00 
285 0 18 1 1 3 1 11 8 36 0.00 0.00 
286 0 3 1 1 1 0 11 9 175 0.00 0.00 
287 0 16 1 1 1 1 11 9 175 0.00 0.00 
288 0 17 1 0 2 0 12 1 456 0.00 0.00 
289 0 2 1 0 2 1 12 1 456 0.00 0.00 
290 0 12 1 1 0 0 12 10 446 0.00 0.00 
291 0 7 1 1 0 1 12 10 446 0.00 0.00 
292 0 9 1 1 0 0 12 11 445 0.00 0.00 
293 0 10 1 1 0 1 12 11 445 0.00 0.00 
294 0 8 1 2 2 0 12 12 444 0.00 0.00 
295 0 11 1 2 2 1 12 12 444 0.00 0.00 
296 0 12 1 2 2 0 12 13 443 0.00 0.00 
297 0 7 1 2 2 1 12 13 443 0.00 0.00 
298 0 11 1 2 1 0 12 14 442 0.00 0.00 
299 0 8 1 2 1 1 12 14 442 0.00 0.00 
300 0 13 1 2 1 0 12 15 529 0.00 0.00 
301 0 6 1 2 1 1 12 15 529 0.00 0.00 
302 0 18 1 2 0 0 12 16 528 0.00 0.00 
303 0 1 1 2 0 1 12 16 528 0.00 0.00 
304 0 11 1 2 0 0 12 17 345 0.00 0.00 
305 0 8 1 2 0 1 12 17 345 0.00 0.00 
306 0 13 1 2 0 0 12 18 438 0.00 0.00 
307 0 6 1 2 0 1 12 18 438 0.00 0.00 
308 0 8 1 2 0 0 12 19 343 0.00 0.00 
309 0 11 1 2 0 1 12 19 343 0.00 0.00 
310 0 11 1 0 3 0 12 2 365 0.00 0.00 
311 0 8 1 0 3 1 12 2 365 0.00 0.00 
312 0 16 1 3 3 0 12 20 524 0.00 0.00 
313 0 3 1 3 3 1 12 20 524 0.00 0.00 
314 0 14 1 3 3 0 12 21 523 0.00 0.00 
315 0 5 1 3 3 1 12 21 523 0.00 0.00 
316 0 11 1 3 2 0 12 22 434 0.00 0.00 
317 0 8 1 3 2 1 12 22 434 0.00 0.00 
318 0 10 1 3 2 0 12 23 433 0.00 0.00 
319 0 9 1 3 2 1 12 23 433 0.00 0.00 
320 0 8 1 3 2 0 12 24 432 0.00 0.00 
321 0 11 1 3 2 1 12 24 432 0.00 0.00 
322 0 11 1 3 1 0 12 25 431 0.00 0.00 
323 0 8 1 3 1 1 12 25 431 0.00 0.00 
324 0 10 1 3 1 0 12 26 430 0.00 0.00 
325 0 9 1 3 1 1 12 26 430 0.00 0.00 
326 0 3 1 3 0 0 12 27 243 0.00 0.00 
327 0 16 1 3 0 1 12 27 243 0.00 0.00 
328 0 4 1 4 3 0 12 28 76 0.00 0.00 
329 0 15 1 4 3 1 12 28 76 0.00 0.00 
330 0 7 1 4 1 0 12 29 3 0.00 0.00 
331 0 12 1 4 1 1 12 29 3 0.00 0.00 
332 0 8 1 0 3 0 12 3 273 0.00 0.00 
333 0 11 1 0 3 1 12 3 273 0.00 0.00 
334 0 7 0 4 0 0 12 30 20 0.00 0.00 
335 0 12 0 4 0 1 12 30 20 0.00 0.00 
336 0 4 0 4 0 0 12 31 66 0.00 0.00 
337 0 15 0 4 0 1 12 31 66 0.00 0.00 
338 0 1 1 4 0 0 12 32 145 0.00 0.00 
339 0 18 1 4 0 1 12 32 145 0.00 0.00 
340 0 10 1 4 0 0 12 33 231 0.00 0.00 
341 0 9 1 4 0 1 12 33 231 0.00 0.00 
342 0 19 1 4 0 0 12 34 323 0.00 0.00 
343 0 0 1 4 0 1 12 34 323 0.00 0.00 
344 0 15 1 4 1 0 12 35 420 0.00 0.00 
345 0 4 1 4 1 1 12 35 420 0.00 0.00 
346 0 4 0 0 3 0 12 4 187 0.00 0.00 
347 0 15 0 0 3 1 12 4 187 0.00 0.00 
348 0 2 0 0 3 0 12 5 106 0.00 0.00 
349 0 17 0 0 3 1 12 5 106 0.00 0.00 
350 0 1 0 0 3 0 12 6 46 0.00 0.00 
351 0 18 0 0 3 1 12 6 46 0.00 0.00 
352 0 0 1 0 2 0 12 7 10 0.00 0.00 
353 0 19 1 0 2 1 12 7 10 0.00 0.00 
354 0 2 1 1 3 0 12 8 96 0.00 0.00 
355 0 17 1 1 3 1 12 8 96 0.00 0.00 
356 0 4 1 1 1 0 12 9 261 0.00 0.00 
357 0 15 1 1 1 1 12 9 261 0.00 0.00 
358 0 18 1 0 2 0 13 1 455 0.00 0.00 
359 0 1 1 0 2 1 13 1 455 0.00 0.00 
360 0 13 1 1 0 0 13 10 534 0.00 0.00 
361 0 6 1 1 0 1 13 10 534 0.00 0.00 
362 0 17 1 2 2 0 13 11 533 0.00 0.00 
363 0 2 1 2 2 1 13 11 533 0.00 0.00 
364 0 14 1 2 2 0 13 12 532 0.00 0.00 
365 0 5 1 2 2 1 13 12 532 0.00 0.00 
366 0 13 1 2 2 0 13 13 531 0.00 0.00 
367 0 6 1 2 2 1 13 13 531 0.00 0.00 
368 0 15 1 2 1 0 13 14 530 0.00 0.00 
369 0 4 1 2 1 1 13 14 530 0.00 0.00 
370 0 14 1 2 1 0 13 15 598 0.00 0.00 
371 0 5 1 2 1 1 13 15 598 0.00 0.00 
372 0 19 1 2 0 0 13 16 597 0.00 0.00 
373 0 0 1 2 0 1 13 16 597 0.00 0.00 
374 0 15 1 2 0 0 13 17 439 0.00 0.00 
375 0 4 1 2 0 1 13 17 439 0.00 0.00 
376 0 14 1 2 0 0 13 18 526 0.00 0.00 
377 0 5 1 2 0 1 13 18 526 0.00 0.00 
378 0 11 1 3 3 0 13 19 437 0.00 0.00 
379 0 8 1 3 3 1 13 19 437 0.00 0.00 
380 0 12 1 0 2 0 13 2 364 0.00 0.00 
381 0 7 1 0 2 1 13 2 364 0.00 0.00 
382 0 17 1 3 3 0 13 20 594 0.00 0.00 
383 0 2 1 3 3 1 13 20 594 0.00 0.00 
384 0 15 1 3 3 0 13 21 593 0.00 0.00 
385 0 4 1 3 3 1 13 21 593 0.00 0.00 
386 0 8 1 3 3 0 13 22 522 0.00 0.00 
387 0 11 1 3 3 1 13 22 522 0.00 0.00 
388 0 17 1 3 2 0 13 23 521 0.00 0.00 
389 0 2 1 3 2 1 13 23 521 0.00 0.00 
390 0 14 1 3 2 0 13 24 520 0.00 0.00 
391 0 5 1 3 2 1 13 24 520 0.00 0.00 
392 0 19 1 3 1 0 13 25 519 0.00 0.00 
393 0 0 1 3 1 1 13 25 519 0.00 0.00 
394 0 16 1 3 1 0 13 26 518 0.00 0.00 
395 0 3 1 3 1 1 13 26 518 0.00 0.00 
396 0 4 1 3 0 0 13 27 335 0.00 0.00 
397 0 15 1 3 0 1 13 27 335 0.00 0.00 
398 0 5 1 4 3 0 13 28 156 0.00 0.00 
399 0 14 1 4 3 1 13 28 156 0.00 0.00 
400 0 4 1 4 2 0 13 29 4 0.00 0.00 
401 0 15 1 4 2 1 13 29 4 0.00 0.00 
402 0 9 1 0 3 0 13 3 272 0.00 0.00 
403 0 10 1 0 3 1 13 3 272 0.00 0.00 
404 0 6 0 4 0 0 13 30 21 0.00 0.00 
405 0 13 0 4 0 1 13 30 21 0.00 0.00 
406 0 4 1 4 0 0 13 31 67 0.00 0.00 
407 0 15 1 4 0 1 13 31 67 0.00 0.00 
408 0 2 1 4 0 0 13 32 146 0.00 0.00 
409 0 17 1 4 0 1 13 32 146 0.00 0.00 
410 0 11 1 4 0 0 13 33 232 0.00 0.00 
411 0 8 1 4 0 1 13 33 232 0.00 0.00 
412 0 17 1 4 1 0 13 34 324 0.00 0.00 
413 0 2 1 4 1 1 13 34 324 0.00 0.00 
414 0 16 1 4 1 0 13 35 421 0.00 0.00 
415 0 3 1 4 1 1 13 35 421 0.00 0.00 
416 0 5 1 0 3 0 13 4 186 0.00 0.00 
417 0 14 1 0 3 1 13 4 186 0.00 0.00 
418 0 2 1 0 3 0 13 5 105 0.00 0.00 
419 0 17 1 0 3 1 13 5 105 0.00 0.00 
420 0 0 0 0 3 0 13 6 45 0.00 0.00 
421 0 19 0 0 3 1 13 6 45 0.00 0.00 
422 0 1 1 0 0 0 13 7 9 0.00 0.00 
423 0 18 1 0 0 1 13 7 9 0.00 0.00 
424 0 3 1 1 3 0 13 8 176 0.00 0.00 
425 0 16 1 1 3 1 13 8 176 0.00 0.00 
426 0 5 1 1 1 0 13 9 353 0.00 0.00 
427 0 14 1 1 1 1 13 9 353 0.00 0.00 
428 0 14 1 1 0 0 14 10 603 0.00 0.00 
429 0 5 1 1 0 1 14 10 603 0.00 0.00 
430 0 18 1 2 2 0 14 11 602 0.00 0.00 
431 0 1 1 2 2 1 14 11 602 0.00 0.00 
432 0 15 1 2 2 0 14 12 601 0.00 0.00 
433 0 4 1 2 2 1 14 12 601 0.00 0.00 
434 0 18 1 2 1 0 14 13 600 0.00 0.00 
435 0 1 1 2 1 1 14 13 600 0.00 0.00 
436 0 16 1 2 1 0 14 14 599 0.00 0.00 
437 0 3 1 2 1 1 14 14 599 0.00 0.00 
438 0 16 1 2 0 0 14 17 527 0.00 0.00 
439 0 3 1 2 0 1 14 17 527 0.00 0.00 
440 0 18 1 3 3 0 14 19 525 0.00 0.00 
441 0 1 1 3 3 1 14 19 525 0.00 0.00 
442 0 13 1 0 2 0 14 2 363 0.00 0.00 
443 0 6 1 0 2 1 14 2 363 0.00 0.00 
444 0 12 1 3 3 0 14 22 592 0.00 0.00 
445 0 7 1 3 3 1 14 22 592 0.00 0.00 
446 0 18 1 3 2 0 14 23 591 0.00 0.00 
447 0 1 1 3 2 1 14 23 591 0.00 0.00 
448 0 15 1 3 2 0 14 24 590 0.00 0.00 
449 0 4 1 3 2 1 14 24 590 0.00 0.00 
450 0 12 1 3 2 0 14 25 589 0.00 0.00 
451 0 7 1 3 2 1 14 25 589 0.00 0.00 
452 0 17 1 3 1 0 14 26 588 0.00 0.00 
453 0 2 1 3 1 1 14 26 588 0.00 0.00 
454 0 8 1 3 1 0 14 27 429 0.00 0.00 
455 0 11 1 3 1 1 14 27 429 0.00 0.00 
456 0 0 1 3 0 0 14 28 242 0.00 0.00 
457 0 19 1 3 0 1 14 28 242 0.00 0.00 
458 0 5 1 4 2 0 14 29 5 0.00 0.00 
459 0 14 1 4 2 1 14 29 5 0.00 0.00 
460 0 9 1 0 2 0 14 3 271 0.00 0.00 
461 0 10 1 0 2 1 14 3 271 0.00 0.00 
462 0 1 0 4 0 0 14 30 22 0.00 0.00 
463 0 18 0 4 0 1 14 30 22 0.00 0.00 
464 0 5 1 4 0 0 14 31 68 0.00 0.00 
465 0 14 1 4 0 1 14 31 68 0.00 0.00 
466 0 3 1 4 0 0 14 32 147 0.00 0.00 
467 0 16 1 4 0 1 14 32 147 0.00 0.00 
468 0 8 1 4 1 0 14 33 233 0.00 0.00 
469 0 11 1 4 1 1 14 33 233 0.00 0.00 
470 0 18 1 4 1 0 14 34 325 0.00 0.00 
471 0 1 1 4 1 1 14 34 325 0.00 0.00 
472 0 6 1 0 3 0 14 4 185 0.00 0.00 
473 0 13 1 0 3 1 14 4 185 0.00 0.00 
474 0 3 1 0 3 0 14 5 104 0.00 0.00 
475 0 16 1 0 3 1 14 5 104 0.00 0.00 
476 0 4 1 0 3 0 14 6 44 0.00 0.00 
477 0 15 1 0 3 1 14 6 44 0.00 0.00 
478 0 2 1 0 0 0 14 7 8 0.00 0.00 
479 0 17 1 0 0 1 14 7 8 0.00 0.00 
480 0 6 1 1 1 0 14 8 262 0.00 0.00 
481 0 13 1 1 1 1 14 8 262 0.00 0.00 
482 0 11 1 1 0 0 14 9 447 0.00 0.00 
483 0 8 1 1 0 1 14 9 447 0.00 0.00 
484 0 15 1 1 0 0 15 10 651 0.00 0.00 
485 0 4 1 1 0 1 15 10 651 0.00 0.00 
486 0 19 1 2 2 0 15 11 650 0.00 0.00 
487 0 0 1 2 2 1 15 11 650 0.00 0.00 
488 0 16 1 2 2 0 15 12 649 0.00 0.00 
489 0 3 1 2 2 1 15 12 649 0.00 0.00 
490 0 19 1 2 1 0 15 13 648 0.00 0.00 
491 0 0 1 2 1 1 15 13 648 0.00 0.00 
492 0 17 1 2 1 0 15 14 647 0.00 0.00 
493 0 2 1 2 1 1 15 14 647 0.00 0.00 
494 0 17 1 2 0 0 15 17 596 0.00 0.00 
495 0 2 1 2 0 1 15 17 596 0.00 0.00 
496 0 19 1 3 3 0 15 19 595 0.00 0.00 
497 0 0 1 3 3 1 15 19 595 0.00 0.00 
498 0 14 1 0 2 0 15 2 362 0.00 0.00 
499 0 5 1 0 2 1 15 2 362 0.00 0.00 
500 0 13 1 3 3 0 15 22 646 0.00 0.00 
501 0 6 1 3 3 1 15 22 646 0.00 0.00 
502 0 19 1 3 2 0 15 23 645 0.00 0.00 
503 0 0 1 3 2 1 15 23 645 0.00 0.00 
504 0 16 1 3 2 0 15 24 644 0.00 0.00 
505 0 3 1 3 2 1 15 24 644 0.00 0.00 
506 0 13 1 3 2 0 15 25 643 0.00 0.00 
507 0 6 1 3 2 1 15 25 643 0.00 0.00 
508 0 18 1 3 1 0 15 26 642 0.00 0.00 
509 0 1 1 3 1 1 15 26 642 0.00 0.00 
510 0 9 1 3 1 0 15 27 517 0.00 0.00 
511 0 10 1 3 1 1 15 27 517 0.00 0.00 
512 0 1 1 3 0 0 15 28 334 0.00 0.00 
513 0 18 1 3 0 1 15 28 334 0.00 0.00 
514 0 6 1 4 2 0 15 29 29 0.00 0.00 
515 0 13 1 4 2 1 15 29 29 0.00 0.00 
516 0 10 1 0 2 0 15 3 270 0.00 0.00 
517 0 9 1 0 2 1 15 3 270 0.00 0.00 
518 0 6 1 4 0 0 15 30 23 0.00 0.00 
519 0 13 1 4 0 1 15 30 23 0.00 0.00 
520 0 2 1 4 1 0 15 31 69 0.00 0.00 
521 0 17 1 4 1 1 15 31 69 0.00 0.00 
522 0 0 1 4 1 0 15 32 148 0.00 0.00 
523 0 19 1 4 1 1 15 32 148 0.00 0.00 
524 0 9 1 4 1 0 15 33 234 0.00 0.00 
525 0 10 1 4 1 1 15 33 234 0.00 0.00 
526 0 19 1 4 1 0 15 34 326 0.00 0.00 
527 0 0 1 4 1 1 15 34 326 0.00 0.00 
528 0 6 1 0 2 0 15 4 184 0.00 0.00 
529 0 13 1 0 2 1 15 4 184 0.00 0.00 
530 0 3 1 0 2 0 15 5 103 0.00 0.00 
531 0 16 1 0 2 1 15 5 103 0.00 0.00 
532 0 0 1 0 3 0 15 6 43 0.00 0.00 
533 0 19 1 0 3 1 15 6 43 0.00 0.00 
534 0 3 1 0 0 0 15 7 37 0.00 0.00 
535 0 16 1 0 0 1 15 7 37 0.00 0.00 
536 0 7 1 1 1 0 15 8 354 0.00 0.00 
537 0 12 1 1 1 1 15 8 354 0.00 0.00 
538 0 16 1 1 0 0 15 9 535 0.00 0.00 
539 0 3 1 1 0 1 15 9 535 0.00 0.00 
540 0 17 1 0 0 0 16 2 361 0.00 0.00 
541 0 2 1 0 0 1 16 2 361 0.00 0.00 
542 0 14 1 3 1 0 16 27 587 0.00 0.00 
543 0 5 1 3 1 1 16 27 587 0.00 0.00 
544 0 11 1 3 0 0 16 28 428 0.00 0.00 
545 0 8 1 3 0 1 16 28 428 0.00 0.00 
546 0 0 1 4 3 0 16 29 75 0.00 0.00 
547 0 19 1 4 3 1 16 29 75 0.00 0.00 
548 0 11 1 0 2 0 16 3 269 0.00 0.00 
549 0 8 1 0 2 1 16 3 269 0.00 0.00 
550 0 7 1 4 0 0 16 30 24 0.00 0.00 
551 0 12 1 4 0 1 16 30 24 0.00 0.00 
552 0 3 1 4 1 0 16 31 70 0.00 0.00 
553 0 16 1 4 1 1 16 31 70 0.00 0.00 
554 0 1 1 4 1 0 16 32 149 0.00 0.00 
555 0 18 1 4 1 1 16 32 149 0.00 0.00 
556 0 10 1 4 1 0 16 33 235 0.00 0.00 
557 0 9 1 4 1 1 16 33 235 0.00 0.00 
558 0 12 1 4 2 0 16 34 327 0.00 0.00 
559 0 7 1 4 2 1 16 34 327 0.00 0.00 
560 0 7 1 0 2 0 16 4 183 0.00 0.00 
561 0 12 1 0 2 1 16 4 183 0.00 0.00 
562 0 4 1 0 2 0 16 5 102 0.00 0.00 
563 0 15 1 0 2 1 16 5 102 0.00 0.00 
564 0 1 1 0 3 0 16 6 42 0.00 0.00 
565 0 18 1 0 3 1 16 6 42 0.00 0.00 
566 0 4 1 1 3 0 16 7 97 0.00 0.00 
567 0 15 1 1 3 1 16 7 97 0.00 0.00 
568 0 8 1 1 1 0 16 8 448 0.00 0.00 
569 0 11 1 1 1 1 16 8 448 0.00 0.00 
570 0 17 1 1 0 0 16 9 604 0.00 0.00 
571 0 2 1 1 0 1 16 9 604 0.00 0.00 
572 0 18 1 0 0 0 17 2 360 0.00 0.00 
573 0 1 1 0 0 1 17 2 360 0.00 0.00 
574 0 15 1 3 1 0 17 27 641 0.00 0.00 
575 0 4 1 3 1 1 17 27 641 0.00 0.00 
576 0 19 1 3 0 0 17 28 516 0.00 0.00 
577 0 0 1 3 0 1 17 28 516 0.00 0.00 
578 0 1 1 4 3 0 17 29 155 0.00 0.00 
579 0 18 1 4 3 1 17 29 155 0.00 0.00 
580 0 13 1 0 0 0 17 3 268 0.00 0.00 
581 0 6 1 0 0 1 17 3 268 0.00 0.00 
582 0 5 1 4 1 0 17 30 25 0.00 0.00 
583 0 14 1 4 1 1 17 30 25 0.00 0.00 
584 0 4 1 4 1 0 17 31 71 0.00 0.00 
585 0 15 1 4 1 1 17 31 71 0.00 0.00 
586 0 11 1 4 1 0 17 32 150 0.00 0.00 
587 0 8 1 4 1 1 17 32 150 0.00 0.00 
588 0 15 1 4 2 0 17 33 236 0.00 0.00 
589 0 4 1 4 2 1 17 33 236 0.00 0.00 
590 0 13 1 4 2 0 17 34 328 0.00 0.00 
591 0 6 1 4 2 1 17 34 328 0.00 0.00 
592 0 8 1 0 2 0 17 4 182 0.00 0.00 
593 0 11 1 0 2 1 17 4 182 0.00 0.00 
594 0 5 1 0 2 0 17 5 101 0.00 0.00 
595 0 14 1 0 2 1 17 5 101 0.00 0.00 
596 0 1 1 0 2 0 17 6 41 0.00 0.00 
597 0 18 1 0 2 1 17 6 41 0.00 0.00 
598 0 5 1 1 3 0 17 7 177 0.00 0.00 
599 0 14 1 1 3 1 17 7 177 0.00 0.00 
600 0 9 1 1 1 0 17 8 536 0.00 0.00 
601 0 10 1 1 1 1 17 8 536 0.00 0.00 
602 0 18 1 1 0 0 17 9 652 0.00 0.00 
603 0 1 1 1 0 1 17 9 652 0.00 0.00 
604 0 19 1 0 0 0 18 2 454 0.00 0.00 
605 0 0 1 0 0 1 18 2 454 0.00 0.00 
606 0 12 1 3 1 0 18 28 586 0.00 0.00 
607 0 7 1 3 1 1 18 28 586 0.00 0.00 
608 0 2 1 4 3 0 18 29 241 0.00 0.00 
609 0 17 1 4 3 1 18 29 241 0.00 0.00 
610 0 14 1 0 0 0 18 3 267 0.00 0.00 
611 0 5 1 0 0 1 18 3 267 0.00 0.00 
612 0 6 1 4 1 0 18 30 26 0.00 0.00 
613 0 13 1 4 1 1 18 30 26 0.00 0.00 
614 0 0 1 4 2 0 18 31 72 0.00 0.00 
615 0 19 1 4 2 1 18 31 72 0.00 0.00 
616 0 8 1 4 2 0 18 32 151 0.00 0.00 
617 0 11 1 4 2 1 18 32 151 0.00 0.00 
618 0 16 1 4 2 0 18 33 237 0.00 0.00 
619 0 3 1 4 2 1 18 33 237 0.00 0.00 
620 0 14 1 4 2 0 18 34 422 0.00 0.00 
621 0 5 1 4 2 1 18 34 422 0.00 0.00 
622 0 10 1 0 0 0 18 4 181 0.00 0.00 
623 0 9 1 0 0 1 18 4 181 0.00 0.00 
624 0 7 1 0 0 0 18 5 100 0.00 0.00 
625 0 12 1 0 0 1 18 5 100 0.00 0.00 
626 0 2 1 0 2 0 18 6 40 0.00 0.00 
627 0 17 1 0 2 1 18 6 40 0.00 0.00 
628 0 6 1 1 3 0 18 7 263 0.00 0.00 
629 0 13 1 1 3 1 18 7 263 0.00 0.00 
630 0 12 1 1 1 0 18 8 605 0.00 0.00 
631 0 7 1 1 1 1 18 8 605 0.00 0.00 
632 0 13 1 3 1 0 19 28 640 0.00 0.00 
633 0 6 1 3 1 1 19 28 640 0.00 0.00 
634 0 9 1 3 0 0 19 29 333 0.00 0.00 
635 0 10 1 3 0 1 19 29 333 0.00 0.00 
636 0 15 1 0 0 0 19 3 359 0.00 0.00 
637 0 4 1 0 0 1 19 3 359 0.00 0.00 
638 0 1 1 4 2 0 19 30 27 0.00 0.00 
639 0 18 1 4 2 1 19 30 27 0.00 0.00 
640 0 10 1 4 2 0 19 31 73 0.00 0.00 
641 0 9 1 4 2 1 19 31 73 0.00 0.00 
642 0 9 1 4 2 0 19 32 152 0.00 0.00 
643 0 10 1 4 2 1 19 32 152 0.00 0.00 
644 0 17 1 4 2 0 19 33 329 0.00 0.00 
645 0 2 1 4 2 1 19 33 329 0.00 0.00 
646 0 11 1 0 0 0 19 4 180 0.00 0.00 
647 0 8 1 0 0 1 19 4 180 0.00 0.00 
648 0 8 1 0 0 0 19 5 99 0.00 0.00 
649 0 11 1 0 0 1 19 5 99 0.00 0.00 
650 0 4 1 0 0 0 19 6 39 0.00 0.00 
651 0 15 1 0 0 1 19 6 39 0.00 0.00 
652 0 10 1 1 1 0 19 7 355 0.00 0.00 
653 0 9 1 1 1 1 19 7 355 0.00 0.00 
654 0 19 1 1 0 0 19 8 653 0.00 0.00 
655 0 0 1 1 0 1 19 8 653 0.00 0.00 
656 0 18 0 0 3 0 2 0 548 0.00 0.00 
657 0 1 0 0 3 1 2 0 548 0.00 0.00 
658 0 16 0 0 2 0 2 1 466 0.00 0.00 
659 0 3 0 0 2 1 2 1 466 0.00 0.00 
660 0 13 0 1 0 0 2 10 558 0.00 0.00 
661 0 6 0 1 0 1 2 10 558 0.00 0.00 
662 0 17 0 2 2 0 2 11 559 0.00 0.00 
663 0 2 0 2 2 1 2 11 559 0.00 0.00 
664 0 14 0 2 2 0 2 12 560 0.00 0.00 
665 0 5 0 2 2 1 2 12 560 0.00 0.00 
666 0 13 0 2 2 0 2 13 561 0.00 0.00 
667 0 6 0 2 2 1 2 13 561 0.00 0.00 
668 0 15 0 2 1 0 2 14 562 0.00 0.00 
669 0 4 0 2 1 1 2 14 562 0.00 0.00 
670 0 9 0 2 1 0 2 15 482 0.00 0.00 
671 0 10 0 2 1 1 2 15 482 0.00 0.00 
672 0 12 0 2 1 0 2 16 483 0.00 0.00 
673 0 7 0 2 1 1 2 16 483 0.00 0.00 
674 0 15 0 2 0 0 2 17 484 0.00 0.00 
675 0 4 0 2 0 1 2 17 484 0.00 0.00 
676 0 12 0 2 0 0 2 18 392 0.00 0.00 
677 0 7 0 2 0 1 2 18 392 0.00 0.00 
678 0 11 0 3 3 0 2 19 486 0.00 0.00 
679 0 8 0 3 3 1 2 19 486 0.00 0.00 
680 0 17 0 0 0 0 2 2 375 0.00 0.00 
681 0 2 0 0 0 1 2 2 375 0.00 0.00 
682 0 10 0 3 3 0 2 20 487 0.00 0.00 
683 0 9 0 3 3 1 2 20 487 0.00 0.00 
684 0 9 0 3 3 0 2 21 488 0.00 0.00 
685 0 10 0 3 3 1 2 21 488 0.00 0.00 
686 0 8 0 3 3 0 2 22 570 0.00 0.00 
687 0 11 0 3 3 1 2 22 570 0.00 0.00 
688 0 17 0 3 2 0 2 23 571 0.00 0.00 
689 0 2 0 3 2 1 2 23 571 0.00 0.00 
690 0 14 0 3 2 0 2 24 572 0.00 0.00 
691 0 5 0 3 2 1 2 24 572 0.00 0.00 
692 0 19 0 3 1 0 2 25 573 0.00 0.00 
693 0 0 0 3 1 1 2 25 573 0.00 0.00 
694 0 16 0 3 1 0 2 26 574 0.00 0.00 
695 0 3 0 3 1 1 2 26 574 0.00 0.00 
696 0 9 0 3 1 0 2 27 575 0.00 0.00 
697 0 10 0 3 1 1 2 27 575 0.00 0.00 
698 0 19 0 3 0 0 2 28 576 0.00 0.00 
699 0 0 0 3 0 1 2 28 576 0.00 0.00 
700 0 16 0 3 0 0 2 29 577 0.00 0.00 
701 0 3 0 3 0 1 2 29 577 0.00 0.00 
702 0 15 0 0 0 0 2 3 377 0.00 0.00 
703 0 4 0 0 0 1 2 3 377 0.00 0.00 
704 0 13 0 3 0 0 2 30 578 0.00 0.00 
705 0 6 0 3 0 1 2 30 578 0.00 0.00 
706 0 18 0 4 3 0 2 31 498 0.00 0.00 
707 0 1 0 4 3 1 2 31 498 0.00 0.00 
708 0 14 0 4 3 0 2 32 499 0.00 0.00 
709 0 5 0 4 3 1 2 32 499 0.00 0.00 
710 0 17 0 4 2 0 2 33 407 0.00 0.00 
711 0 2 0 4 2 1 2 33 407 0.00 0.00 
712 0 12 0 4 2 0 2 34 313 0.00 0.00 
713 0 7 0 4 2 1 2 34 313 0.00 0.00 
714 0 14 0 4 1 0 2 35 410 0.00 0.00 
715 0 5 0 4 1 1 2 35 410 0.00 0.00 
716 0 14 0 4 0 0 2 36 504 0.00 0.00 
717 0 5 0 4 0 1 2 36 504 0.00 0.00 
718 0 16 0 1 3 0 2 4 471 0.00 0.00 
719 0 3 0 1 3 1 2 4 471 0.00 0.00 
720 0 13 0 1 3 0 2 5 472 0.00 0.00 
721 0 6 0 1 3 1 2 5 472 0.00 0.00 
722 0 16 0 1 1 0 2 6 554 0.00 0.00 
723 0 3 0 1 1 1 2 6 554 0.00 0.00 
724 0 13 0 1 1 0 2 7 555 0.00 0.00 
725 0 6 0 1 1 1 2 7 555 0.00 0.00 
726 0 9 0 1 1 0 2 8 556 0.00 0.00 
727 0 10 0 1 1 1 2 8 556 0.00 0.00 
728 0 16 0 1 0 0 2 9 557 0.00 0.00 
729 0 3 0 1 0 1 2 9 557 0.00 0.00 
730 0 10 1 3 0 0 20 29 427 0.00 0.00 
731 0 9 1 3 0 1 20 29 427 0.00 0.00 
732 0 16 1 0 0 0 20 3 453 0.00 0.00 
733 0 3 1 0 0 1 20 3 453 0.00 0.00 
734 0 2 1 4 2 0 20 30 28 0.00 0.00 
735 0 17 1 4 2 1 20 30 28 0.00 0.00 
736 0 11 1 4 2 0 20 31 153 0.00 0.00 
737 0 8 1 4 2 1 20 31 153 0.00 0.00 
738 0 19 1 4 2 0 20 32 238 0.00 0.00 
739 0 0 1 4 2 1 20 32 238 0.00 0.00 
740 0 18 1 4 2 0 20 33 423 0.00 0.00 
741 0 1 1 4 2 1 20 33 423 0.00 0.00 
742 0 12 1 0 0 0 20 4 266 0.00 0.00 
743 0 7 1 0 0 1 20 4 266 0.00 0.00 
744 0 9 1 0 0 0 20 5 179 0.00 0.00 
745 0 10 1 0 0 1 20 5 179 0.00 0.00 
746 0 5 1 0 0 0 20 6 38 0.00 0.00 
747 0 14 1 0 0 1 20 6 38 0.00 0.00 
748 0 11 1 1 1 0 20 7 449 0.00 0.00 
749 0 8 1 1 1 1 20 7 449 0.00 0.00 
750 0 16 1 3 0 0 21 29 515 0.00 0.00 
751 0 3 1 3 0 1 21 29 515 0.00 0.00 
752 0 19 1 1 3 0 21 3 541 0.00 0.00 
753 0 0 1 1 3 1 21 3 541 0.00 0.00 
754 0 3 1 4 2 0 21 30 74 0.00 0.00 
755 0 16 1 4 2 1 21 30 74 0.00 0.00 
756 0 8 1 4 3 0 21 31 239 0.00 0.00 
757 0 11 1 4 3 1 21 31 239 0.00 0.00 
758 0 13 1 4 3 0 21 32 330 0.00 0.00 
759 0 6 1 4 3 1 21 32 330 0.00 0.00 
760 0 12 1 4 3 0 21 33 511 0.00 0.00 
761 0 7 1 4 3 1 21 33 511 0.00 0.00 
762 0 15 1 1 3 0 21 4 358 0.00 0.00 
763 0 4 1 1 3 1 21 4 358 0.00 0.00 
764 0 10 1 1 3 0 21 5 265 0.00 0.00 
765 0 9 1 1 3 1 21 5 265 0.00 0.00 
766 0 6 1 0 0 0 21 6 98 0.00 0.00 
767 0 13 1 0 0 1 21 6 98 0.00 0.00 
768 0 13 1 1 1 0 21 7 537 0.00 0.00 
769 0 6 1 1 1 1 21 7 537 0.00 0.00 
770 0 17 1 3 0 0 22 29 585 0.00 0.00 
771 0 2 1 3 0 1 22 29 585 0.00 0.00 
772 0 9 1 4 3 0 22 30 154 0.00 0.00 
773 0 10 1 4 3 1 22 30 154 0.00 0.00 
774 0 17 1 4 3 0 22 31 331 0.00 0.00 
775 0 2 1 4 3 1 22 31 331 0.00 0.00 
776 0 14 1 4 3 0 22 32 424 0.00 0.00 
777 0 5 1 4 3 1 22 32 424 0.00 0.00 
778 0 16 1 1 3 0 22 4 452 0.00 0.00 
779 0 3 1 1 3 1 22 4 452 0.00 0.00 
780 0 11 1 1 3 0 22 5 357 0.00 0.00 
781 0 8 1 1 3 1 22 5 357 0.00 0.00 
782 0 7 1 1 3 0 22 6 178 0.00 0.00 
783 0 12 1 1 3 1 22 6 178 0.00 0.00 
784 0 14 1 1 1 0 22 7 606 0.00 0.00 
785 0 5 1 1 1 1 22 7 606 0.00 0.00 
786 0 18 1 3 0 0 23 29 639 0.00 0.00 
787 0 1 1 3 0 1 23 29 639 0.00 0.00 
788 0 10 1 4 3 0 23 30 240 0.00 0.00 
789 0 9 1 4 3 1 23 30 240 0.00 0.00 
790 0 18 1 4 3 0 23 31 425 0.00 0.00 
791 0 1 1 4 3 1 23 31 425 0.00 0.00 
792 0 15 1 4 3 0 23 32 512 0.00 0.00 
793 0 4 1 4 3 1 23 32 512 0.00 0.00 
794 0 17 1 1 3 0 23 4 540 0.00 0.00 
795 0 2 1 1 3 1 23 4 540 0.00 0.00 
796 0 13 1 1 3 0 23 5 451 0.00 0.00 
797 0 6 1 1 3 1 23 5 451 0.00 0.00 
798 0 8 1 1 3 0 23 6 264 0.00 0.00 
799 0 11 1 1 3 1 23 6 264 0.00 0.00 
800 0 15 1 1 1 0 23 7 654 0.00 0.00 
801 0 4 1 1 1 1 23 7 654 0.00 0.00 
802 0 11 1 4 3 0 24 30 332 0.00 0.00 
803 0 8 1 4 3 1 24 30 332 0.00 0.00 
804 0 19 1 4 3 0 24 31 513 0.00 0.00 
805 0 0 1 4 3 1 24 31 513 0.00 0.00 
806 0 16 1 4 3 0 24 32 582 0.00 0.00 
807 0 3 1 4 3 1 24 32 582 0.00 0.00 
808 0 18 1 1 3 0 24 4 609 0.00 0.00 
809 0 1 1 1 3 1 24 4 609 0.00 0.00 
810 0 14 1 1 3 0 24 5 539 0.00 0.00 
811 0 5 1 1 3 1 24 5 539 0.00 0.00 
812 0 9 1 1 3 0 24 6 356 0.00 0.00 
813 0 10 1 1 3 1 24 6 356 0.00 0.00 
814 0 8 1 3 0 0 25 30 426 0.00 0.00 
815 0 11 1 3 0 1 25 30 426 0.00 0.00 
816 0 12 1 3 0 0 25 31 583 0.00 0.00 
817 0 7 1 3 0 1 25 31 583 0.00 0.00 
818 0 19 1 1 1 0 25 5 608 0.00 0.00 
819 0 0 1 1 1 1 25 5 608 0.00 0.00 
820 0 12 1 1 3 0 25 6 450 0.00 0.00 
821 0 7 1 1 3 1 25 6 450 0.00 0.00 
822 0 13 1 3 0 0 26 30 514 0.00 0.00 
823 0 6 1 3 0 1 26 30 514 0.00 0.00 
824 0 16 1 1 1 0 26 6 538 0.00 0.00 
825 0 3 1 1 1 1 26 6 538 0.00 0.00 
826 0 14 1 3 0 0 27 30 584 0.00 0.00 
827 0 5 1 3 0 1 27 30 584 0.00 0.00 
828 0 17 1 1 1 0 27 6 607 0.00 0.00 
829 0 2 1 1 1 1 27 6 607 0.00 0.00 
830 0 15 1 3 0 0 28 30 638 0.00 0.00 
831 0 4 1 3 0 1 28 30 638 0.00 0.00 
832 0 18 1 1 1 0 28 6 655 0.00 0.00 
833 0 1 1 1 1 1 28 6 655 0.00 0.00 
834 0 17 0 0 3 0 3 0 547 0.00 0.00 
835 0 2 0 0 3 1 3 0 547 0.00 0.00 
836 0 15 0 0 2 0 3 1 465 0.00 0.00 
837 0 4 0 0 2 1 3 1 465 0.00 0.00 
838 0 12 0 1 0 0 3 10 477 0.00 0.00 
839 0 7 0 1 0 1 3 10 477 0.00 0.00 
840 0 9 0 1 0 0 3 11 478 0.00 0.00 
841 0 10 0 1 0 1 3 11 478 0.00 0.00 
842 0 8 0 2 2 0 3 12 479 0.00 0.00 
843 0 11 0 2 2 1 3 12 479 0.00 0.00 
844 0 12 0 2 2 0 3 13 480 0.00 0.00 
845 0 7 0 2 2 1 3 13 480 0.00 0.00 
846 0 11 0 2 1 0 3 14 481 0.00 0.00 
847 0 8 0 2 1 1 3 14 481 0.00 0.00 
848 0 7 0 2 1 0 3 15 389 0.00 0.00 
849 0 12 0 2 1 1 3 15 389 0.00 0.00 
850 0 8 0 2 1 0 3 16 390 0.00 0.00 
851 0 11 0 2 1 1 3 16 390 0.00 0.00 
852 0 11 0 2 0 0 3 17 391 0.00 0.00 
853 0 8 0 2 0 1 3 17 391 0.00 0.00 
854 0 9 0 2 0 0 3 18 297 0.00 0.00 
855 0 10 0 2 0 1 3 18 297 0.00 0.00 
856 0 8 0 2 0 0 3 19 393 0.00 0.00 
857 0 11 0 2 0 1 3 19 393 0.00 0.00 
858 0 14 0 0 2 0 3 2 374 0.00 0.00 
859 0 5 0 0 2 1 3 2 374 0.00 0.00 
860 0 7 0 3 3 0 3 20 394 0.00 0.00 
861 0 12 0 3 3 1 3 20 394 0.00 0.00 
862 0 3 0 3 3 0 3 21 395 0.00 0.00 
863 0 16 0 3 3 1 3 21 395 0.00 0.00 
864 0 11 0 3 2 0 3 22 489 0.00 0.00 
865 0 8 0 3 2 1 3 22 489 0.00 0.00 
866 0 10 0 3 2 0 3 23 490 0.00 0.00 
867 0 9 0 3 2 1 3 23 490 0.00 0.00 
868 0 8 0 3 2 0 3 24 491 0.00 0.00 
869 0 11 0 3 2 1 3 24 491 0.00 0.00 
870 0 11 0 3 1 0 3 25 492 0.00 0.00 
871 0 8 0 3 1 1 3 25 492 0.00 0.00 
872 0 10 0 3 1 0 3 26 493 0.00 0.00 
873 0 9 0 3 1 1 3 26 493 0.00 0.00 
874 0 8 0 3 1 0 3 27 494 0.00 0.00 
875 0 11 0 3 1 1 3 27 494 0.00 0.00 
876 0 11 0 3 0 0 3 28 495 0.00 0.00 
877 0 8 0 3 0 1 3 28 495 0.00 0.00 
878 0 10 0 3 0 0 3 29 496 0.00 0.00 
879 0 9 0 3 0 1 3 29 496 0.00 0.00 
880 0 14 0 0 0 0 3 3 282 0.00 0.00 
881 0 5 0 0 0 1 3 3 282 0.00 0.00 
882 0 8 0 3 0 0 3 30 497 0.00 0.00 
883 0 11 0 3 0 1 3 30 497 0.00 0.00 
884 0 17 0 4 3 0 3 31 405 0.00 0.00 
885 0 2 0 4 3 1 3 31 405 0.00 0.00 
886 0 13 0 4 3 0 3 32 406 0.00 0.00 
887 0 6 0 4 3 1 3 32 406 0.00 0.00 
888 0 16 0 4 2 0 3 33 222 0.00 0.00 
889 0 3 0 4 2 1 3 33 222 0.00 0.00 
890 0 19 0 4 1 0 3 34 314 0.00 0.00 
891 0 0 0 4 1 1 3 34 314 0.00 0.00 
892 0 13 0 4 1 0 3 35 411 0.00 0.00 
893 0 6 0 4 1 1 3 35 411 0.00 0.00 
894 0 13 0 4 0 0 3 36 505 0.00 0.00 
895 0 6 0 4 0 1 3 36 505 0.00 0.00 
896 0 15 0 1 3 0 3 4 378 0.00 0.00 
897 0 4 0 1 3 1 3 4 378 0.00 0.00 
898 0 11 0 1 3 0 3 5 379 0.00 0.00 
899 0 8 0 1 3 1 3 5 379 0.00 0.00 
900 0 12 0 1 3 0 3 6 473 0.00 0.00 
901 0 7 0 1 3 1 3 6 473 0.00 0.00 
902 0 11 0 1 1 0 3 7 474 0.00 0.00 
903 0 8 0 1 1 1 3 7 474 0.00 0.00 
904 0 8 0 1 1 0 3 8 475 0.00 0.00 
905 0 11 0 1 1 1 3 8 475 0.00 0.00 
906 0 11 0 1 0 0 3 9 476 0.00 0.00 
907 0 8 0 1 0 1 3 9 476 0.00 0.00 
908 0 16 0 0 3 0 4 0 546 0.00 0.00 
909 0 3 0 0 3 1 4 0 546 0.00 0.00 
910 0 15 0 0 3 0 4 1 464 0.00 0.00 
911 0 4 0 0 3 1 4 1 464 0.00 0.00 
912 0 10 0 1 0 0 4 10 384 0.00 0.00 
913 0 9 0 1 0 1 4 10 384 0.00 0.00 
914 0 8 0 1 0 0 4 11 385 0.00 0.00 
915 0 11 0 1 0 1 4 11 385 0.00 0.00 
916 0 7 0 2 2 0 4 12 386 0.00 0.00 
917 0 12 0 2 2 1 4 12 386 0.00 0.00 
918 0 6 0 2 2 0 4 13 387 0.00 0.00 
919 0 13 0 2 2 1 4 13 387 0.00 0.00 
920 0 10 0 2 1 0 4 14 388 0.00 0.00 
921 0 9 0 2 1 1 4 14 388 0.00 0.00 
922 0 6 0 2 1 0 4 15 294 0.00 0.00 
923 0 13 0 2 1 1 4 15 294 0.00 0.00 
924 0 4 0 2 1 0 4 16 295 0.00 0.00 
925 0 15 0 2 1 1 4 16 295 0.00 0.00 
926 0 10 0 2 0 0 4 17 296 0.00 0.00 
927 0 9 0 2 0 1 4 17 296 0.00 0.00 
928 0 6 0 2 0 0 4 18 208 0.00 0.00 
929 0 13 0 2 0 1 4 18 208 0.00 0.00 
930 0 3 0 2 0 0 4 19 298 0.00 0.00 
931 0 16 0 2 0 1 4 19 298 0.00 0.00 
932 0 13 0 0 2 0 4 2 373 0.00 0.00 
933 0 6 0 0 2 1 4 2 373 0.00 0.00 
934 0 6 0 3 3 0 4 20 299 0.00 0.00 
935 0 13 0 3 3 1 4 20 299 0.00 0.00 
936 0 2 0 3 3 0 4 21 300 0.00 0.00 
937 0 17 0 3 3 1 4 21 300 0.00 0.00 
938 0 7 0 3 2 0 4 22 396 0.00 0.00 
939 0 12 0 3 2 1 4 22 396 0.00 0.00 
940 0 9 0 3 2 0 4 23 397 0.00 0.00 
941 0 10 0 3 2 1 4 23 397 0.00 0.00 
942 0 0 0 3 2 0 4 24 398 0.00 0.00 
943 0 19 0 3 2 1 4 24 398 0.00 0.00 
944 0 4 0 3 1 0 4 25 399 0.00 0.00 
945 0 15 0 3 1 1 4 25 399 0.00 0.00 
946 0 1 0 3 1 0 4 26 400 0.00 0.00 
947 0 18 0 3 1 1 4 26 400 0.00 0.00 
948 0 4 0 3 0 0 4 27 401 0.00 0.00 
949 0 15 0 3 0 1 4 27 401 0.00 0.00 
950 0 1 0 3 0 0 4 28 402 0.00 0.00 
951 0 18 0 3 0 1 4 28 402 0.00 0.00 
952 0 9 0 3 0 0 4 29 403 0.00 0.00 
953 0 10 0 3 0 1 4 29 403 0.00 0.00 
954 0 13 0 0 0 0 4 3 281 0.00 0.00 
955 0 6 0 0 0 1 4 3 281 0.00 0.00 
956 0 11 0 4 3 0 4 30 404 0.00 0.00 
957 0 8 0 4 3 1 4 30 404 0.00 0.00 
958 0 8 0 4 3 0 4 31 310 0.00 0.00 
959 0 11 0 4 3 1 4 31 310 0.00 0.00 
960 0 19 0 4 2 0 4 32 311 0.00 0.00 
961 0 0 0 4 2 1 4 32 311 0.00 0.00 
962 0 15 0 4 2 0 4 33 223 0.00 0.00 
963 0 4 0 4 2 1 4 33 223 0.00 0.00 
964 0 18 0 4 1 0 4 34 315 0.00 0.00 
965 0 1 0 4 1 1 4 34 315 0.00 0.00 
966 0 18 0 4 0 0 4 35 412 0.00 0.00 
967 0 1 0 4 0 1 4 35 412 0.00 0.00 
968 0 12 1 4 0 0 4 36 506 0.00 0.00 
969 0 7 1 4 0 1 4 36 506 0.00 0.00 
970 0 12 0 0 0 0 4 4 283 0.00 0.00 
971 0 7 0 0 0 1 4 4 283 0.00 0.00 
972 0 10 0 1 3 0 4 5 284 0.00 0.00 
973 0 9 0 1 3 1 4 5 284 0.00 0.00 
974 0 9 0 1 3 0 4 6 380 0.00 0.00 
975 0 10 0 1 3 1 4 6 380 0.00 0.00 
976 0 10 0 1 1 0 4 7 381 0.00 0.00 
977 0 9 0 1 1 1 4 7 381 0.00 0.00 
978 0 7 0 1 1 0 4 8 382 0.00 0.00 
979 0 12 0 1 1 1 4 8 382 0.00 0.00 
980 0 5 0 1 1 0 4 9 383 0.00 0.00 
981 0 14 0 1 1 1 4 9 383 0.00 0.00 
982 0 17 1 0 3 0 5 0 545 0.00 0.00 
983 0 2 1 0 3 1 5 0 545 0.00 0.00 
984 0 14 0 0 3 0 5 1 463 0.00 0.00 
985 0 5 0 0 3 1 5 1 463 0.00 0.00 
986 0 7 0 1 0 0 5 10 289 0.00 0.00 
987 0 12 0 1 0 1 5 10 289 0.00 0.00 
988 0 6 0 1 0 0 5 11 290 0.00 0.00 
989 0 13 0 1 0 1 5 11 290 0.00 0.00 
990 0 3 0 1 0 0 5 12 291 0.00 0.00 
991 0 16 0 1 0 1 5 12 291 0.00 0.00 
992 0 5 0 2 2 0 5 13 292 0.00 0.00 
993 0 14 0 2 2 1 5 13 292 0.00 0.00 
994 0 3 0 2 2 0 5 14 293 0.00 0.00 
995 0 16 0 2 2 1 5 14 293 0.00 0.00 
996 0 5 0 2 1 0 5 15 205 0.00 0.00 
997 0 14 0 2 1 1 5 15 205 0.00 0.00 
998 0 3 0 2 1 0 5 16 206 0.00 0.00 
999 0 16 0 2 1 1 5 16 206 0.00 0.00 
1000 0 7 0 2 0 0 5 17 207 0.00 0.00 
1001 0 12 0 2 0 1 5 17 207 0.00 0.00 
1002 0 5 0 2 0 0 5 18 125 0.00 0.00 
1003 0 14 0 2 0 1 5 18 125 0.00 0.00 
1004 0 2 0 2 0 0 5 19 209 0.00 0.00 
1005 0 17 0 2 0 1 5 19 209 0.00 0.00 
1006 0 12 0 0 2 0 5 2 372 0.00 0.00 
1007 0 7 0 0 2 1 5 2 372 0.00 0.00 
1008 0 5 0 3 3 0 5 20 210 0.00 0.00 
1009 0 14 0 3 3 1 5 20 210 0.00 0.00 
1010 0 1 0 3 3 0 5 21 211 0.00 0.00 
1011 0 18 0 3 3 1 5 21 211 0.00 0.00 
1012 0 6 0 3 2 0 5 22 301 0.00 0.00 
1013 0 13 0 3 2 1 5 22 301 0.00 0.00 
1014 0 3 0 3 2 0 5 23 302 0.00 0.00 
1015 0 16 0 3 2 1 5 23 302 0.00 0.00 
1016 0 7 0 3 1 0 5 24 303 0.00 0.00 
1017 0 12 0 3 1 1 5 24 303 0.00 0.00 
1018 0 3 0 3 1 0 5 25 304 0.00 0.00 
1019 0 16 0 3 1 1 5 25 304 0.00 0.00 
1020 0 0 0 3 1 0 5 26 305 0.00 0.00 
1021 0 19 0 3 1 1 5 26 305 0.00 0.00 
1022 0 3 0 3 0 0 5 27 306 0.00 0.00 
1023 0 16 0 3 0 1 5 27 306 0.00 0.00 
1024 0 0 0 3 0 0 5 28 307 0.00 0.00 
1025 0 19 0 3 0 1 5 28 307 0.00 0.00 
1026 0 2 0 4 3 0 5 29 308 0.00 0.00 
1027 0 17 0 4 3 1 5 29 308 0.00 0.00 
1028 0 11 0 0 2 0 5 3 280 0.00 0.00 
1029 0 8 0 0 2 1 5 3 280 0.00 0.00 
1030 0 10 0 4 3 0 5 30 309 0.00 0.00 
1031 0 9 0 4 3 1 5 30 309 0.00 0.00 
1032 0 11 0 4 2 0 5 31 221 0.00 0.00 
1033 0 8 0 4 2 1 5 31 221 0.00 0.00 
1034 0 9 0 4 2 0 5 32 138 0.00 0.00 
1035 0 10 0 4 2 1 5 32 138 0.00 0.00 
1036 0 10 0 4 1 0 5 33 224 0.00 0.00 
1037 0 9 0 4 1 1 5 33 224 0.00 0.00 
1038 0 17 0 4 1 0 5 34 316 0.00 0.00 
1039 0 2 0 4 1 1 5 34 316 0.00 0.00 
1040 0 17 0 4 0 0 5 35 413 0.00 0.00 
1041 0 2 0 4 0 1 5 35 413 0.00 0.00 
1042 0 13 1 4 0 0 5 36 507 0.00 0.00 
1043 0 6 1 4 0 1 5 36 507 0.00 0.00 
1044 0 11 0 0 0 0 5 4 194 0.00 0.00 
1045 0 8 0 0 0 1 5 4 194 0.00 0.00 
1046 0 9 0 0 0 0 5 5 195 0.00 0.00 
1047 0 10 0 0 0 1 5 5 195 0.00 0.00 
1048 0 8 0 1 3 0 5 6 285 0.00 0.00 
1049 0 11 0 1 3 1 5 6 285 0.00 0.00 
1050 0 6 0 1 3 0 5 7 286 0.00 0.00 
1051 0 13 0 1 3 1 5 7 286 0.00 0.00 
1052 0 6 0 1 1 0 5 8 287 0.00 0.00 
1053 0 13 0 1 1 1 5 8 287 0.00 0.00 
1054 0 4 0 1 1 0 5 9 288 0.00 0.00 
1055 0 15 0 1 1 1 5 9 288 0.00 0.00 
1056 0 18 1 0 3 0 6 0 544 0.00 0.00 
1057 0 1 1 0 3 1 6 0 544 0.00 0.00 
1058 0 13 0 0 3 0 6 1 462 0.00 0.00 
1059 0 6 0 0 3 1 6 1 462 0.00 0.00 
1060 0 1 0 1 1 0 6 10 200 0.00 0.00 
1061 0 18 0 1 1 1 6 10 200 0.00 0.00 
1062 0 5 0 1 0 0 6 11 201 0.00 0.00 
1063 0 14 0 1 0 1 6 11 201 0.00 0.00 
1064 0 2 0 1 0 0 6 12 202 0.00 0.00 
1065 0 17 0 1 0 1 6 12 202 0.00 0.00 
1066 0 4 0 2 2 0 6 13 203 0.00 0.00 
1067 0 15 0 2 2 1 6 13 203 0.00 0.00 
1068 0 2 0 2 2 0 6 14 204 0.00 0.00 
1069 0 17 0 2 2 1 6 14 204 0.00 0.00 
1070 0 0 0 2 2 0 6 15 122 0.00 0.00 
1071 0 19 0 2 2 1 6 15 122 0.00 0.00 
1072 0 2 0 2 1 0 6 16 123 0.00 0.00 
1073 0 17 0 2 1 1 6 16 123 0.00 0.00 
1074 0 1 0 2 1 0 6 17 124 0.00 0.00 
1075 0 18 0 2 1 1 6 17 124 0.00 0.00 
1076 0 4 0 2 0 0 6 18 55 0.00 0.00 
1077 0 15 0 2 0 1 6 18 55 0.00 0.00 
1078 0 1 0 2 0 0 6 19 126 0.00 0.00 
1079 0 18 0 2 0 1 6 19 126 0.00 0.00 
1080 0 11 0 0 3 0 6 2 371 0.00 0.00 
1081 0 8 0 0 3 1 6 2 371 0.00 0.00 
1082 0 4 0 3 3 0 6 20 127 0.00 0.00 
1083 0 15 0 3 3 1 6 20 127 0.00 0.00 
1084 0 0 0 3 3 0 6 21 128 0.00 0.00 
1085 0 19 0 3 3 1 6 21 128 0.00 0.00 
1086 0 5 0 3 2 0 6 22 212 0.00 0.00 
1087 0 14 0 3 2 1 6 22 212 0.00 0.00 
1088 0 2 0 3 2 0 6 23 213 0.00 0.00 
1089 0 17 0 3 2 1 6 23 213 0.00 0.00 
1090 0 6 0 3 1 0 6 24 214 0.00 0.00 
1091 0 13 0 3 1 1 6 24 214 0.00 0.00 
1092 0 2 0 3 1 0 6 25 215 0.00 0.00 
1093 0 17 0 3 1 1 6 25 215 0.00 0.00 
1094 0 6 0 3 0 0 6 26 216 0.00 0.00 
1095 0 13 0 3 0 1 6 26 216 0.00 0.00 
1096 0 2 0 3 0 0 6 27 217 0.00 0.00 
1097 0 17 0 3 0 1 6 27 217 0.00 0.00 
1098 0 5 0 4 3 0 6 28 218 0.00 0.00 
1099 0 14 0 4 3 1 6 28 218 0.00 0.00 
1100 0 1 0 4 3 0 6 29 219 0.00 0.00 
1101 0 18 0 4 3 1 6 29 219 0.00 0.00 
1102 0 10 0 0 2 0 6 3 279 0.00 0.00 
1103 0 9 0 0 2 1 6 3 279 0.00 0.00 
1104 0 9 0 4 3 0 6 30 220 0.00 0.00 
1105 0 10 0 4 3 1 6 30 220 0.00 0.00 
1106 0 10 0 4 2 0 6 31 60 0.00 0.00 
1107 0 9 0 4 2 1 6 31 60 0.00 0.00 
1108 0 8 0 4 2 0 6 32 139 0.00 0.00 
1109 0 11 0 4 2 1 6 32 139 0.00 0.00 
1110 0 9 0 4 1 0 6 33 225 0.00 0.00 
1111 0 10 0 4 1 1 6 33 225 0.00 0.00 
1112 0 19 0 4 0 0 6 34 317 0.00 0.00 
1113 0 0 0 4 0 1 6 34 317 0.00 0.00 
1114 0 16 0 4 0 0 6 35 414 0.00 0.00 
1115 0 3 0 4 0 1 6 35 414 0.00 0.00 
1116 0 14 1 4 0 0 6 36 508 0.00 0.00 
1117 0 5 1 4 0 1 6 36 508 0.00 0.00 
1118 0 10 0 0 0 0 6 4 193 0.00 0.00 
1119 0 9 0 0 0 1 6 4 193 0.00 0.00 
1120 0 8 0 0 0 0 6 5 112 0.00 0.00 
1121 0 11 0 0 0 1 6 5 112 0.00 0.00 
1122 0 7 0 1 3 0 6 6 196 0.00 0.00 
1123 0 12 0 1 3 1 6 6 196 0.00 0.00 
1124 0 5 0 1 3 0 6 7 197 0.00 0.00 
1125 0 14 0 1 3 1 6 7 197 0.00 0.00 
1126 0 3 0 1 3 0 6 8 198 0.00 0.00 
1127 0 16 0 1 3 1 6 8 198 0.00 0.00 
1128 0 3 0 1 1 0 6 9 199 0.00 0.00 
1129 0 16 0 1 1 1 6 9 199 0.00 0.00 
1130 0 19 1 0 3 0 7 0 543 0.00 0.00 
1131 0 0 1 0 3 1 7 0 543 0.00 0.00 
1132 0 13 1 0 3 0 7 1 461 0.00 0.00 
1133 0 6 1 0 3 1 7 1 461 0.00 0.00 
1134 0 0 0 1 1 0 7 10 117 0.00 0.00 
1135 0 19 0 1 1 1 7 10 117 0.00 0.00 
1136 0 4 0 1 0 0 7 11 118 0.00 0.00 
1137 0 15 0 1 0 1 7 11 118 0.00 0.00 
1138 0 1 0 1 0 0 7 12 119 0.00 0.00 
1139 0 18 0 1 0 1 7 12 119 0.00 0.00 
1140 0 0 0 1 0 0 7 13 120 0.00 0.00 
1141 0 19 0 1 0 1 7 13 120 0.00 0.00 
1142 0 1 0 2 2 0 7 14 121 0.00 0.00 
1143 0 18 0 2 2 1 7 14 121 0.00 0.00 
1144 0 0 1 2 2 0 7 15 89 0.00 0.00 
1145 0 19 1 2 2 1 7 15 89 0.00 0.00 
1146 0 2 1 2 1 0 7 16 88 0.00 0.00 
1147 0 17 1 2 1 1 7 16 88 0.00 0.00 
1148 0 0 0 2 1 0 7 17 54 0.00 0.00 
1149 0 19 0 2 1 1 7 17 54 0.00 0.00 
1150 0 4 1 2 0 0 7 18 33 0.00 0.00 
1151 0 15 1 2 0 1 7 18 33 0.00 0.00 
1152 0 0 0 2 0 0 7 19 56 0.00 0.00 
1153 0 19 0 2 0 1 7 19 56 0.00 0.00 
1154 0 12 0 0 3 0 7 2 370 0.00 0.00 
1155 0 7 0 0 3 1 7 2 370 0.00 0.00 
1156 0 4 1 3 3 0 7 20 84 0.00 0.00 
1157 0 15 1 3 3 1 7 20 84 0.00 0.00 
1158 0 0 1 3 3 0 7 21 83 0.00 0.00 
1159 0 19 1 3 3 1 7 21 83 0.00 0.00 
1160 0 4 0 3 2 0 7 22 129 0.00 0.00 
1161 0 15 0 3 2 1 7 22 129 0.00 0.00 
1162 0 1 0 3 2 0 7 23 130 0.00 0.00 
1163 0 18 0 3 2 1 7 23 130 0.00 0.00 
1164 0 5 0 3 1 0 7 24 131 0.00 0.00 
1165 0 14 0 3 1 1 7 24 131 0.00 0.00 
1166 0 7 0 3 0 0 7 25 132 0.00 0.00 
1167 0 12 0 3 0 1 7 25 132 0.00 0.00 
1168 0 5 0 3 0 0 7 26 133 0.00 0.00 
1169 0 14 0 3 0 1 7 26 133 0.00 0.00 
1170 0 7 0 4 3 0 7 27 134 0.00 0.00 
1171 0 12 0 4 3 1 7 27 134 0.00 0.00 
1172 0 4 0 4 3 0 7 28 135 0.00 0.00 
1173 0 15 0 4 3 1 7 28 135 0.00 0.00 
1174 0 0 0 4 3 0 7 29 136 0.00 0.00 
1175 0 19 0 4 3 1 7 29 136 0.00 0.00 
1176 0 9 0 0 2 0 7 3 278 0.00 0.00 
1177 0 10 0 0 2 1 7 3 278 0.00 0.00 
1178 0 3 0 4 2 0 7 30 137 0.00 0.00 
1179 0 16 0 4 2 1 7 30 137 0.00 0.00 
1180 0 0 0 4 2 0 7 31 61 0.00 0.00 
1181 0 19 0 4 2 1 7 31 61 0.00 0.00 
1182 0 11 0 4 1 0 7 32 140 0.00 0.00 
1183 0 8 0 4 1 1 7 32 140 0.00 0.00 
1184 0 8 0 4 1 0 7 33 226 0.00 0.00 
1185 0 11 0 4 1 1 7 33 226 0.00 0.00 
1186 0 9 0 4 0 0 7 34 318 0.00 0.00 
1187 0 10 0 4 0 1 7 34 318 0.00 0.00 
1188 0 16 1 4 0 0 7 35 415 0.00 0.00 
1189 0 3 1 4 0 1 7 35 415 0.00 0.00 
1190 0 15 1 4 0 0 7 36 509 0.00 0.00 
1191 0 4 1 4 0 1 7 36 509 0.00 0.00 
1192 0 8 0 0 2 0 7 4 192 0.00 0.00 
1193 0 11 0 0 2 1 7 4 192 0.00 0.00 
1194 0 7 0 0 0 0 7 5 111 0.00 0.00 
1195 0 12 0 0 0 1 7 5 111 0.00 0.00 
1196 0 6 0 0 0 0 7 6 113 0.00 0.00 
1197 0 13 0 0 0 1 7 6 113 0.00 0.00 
1198 0 4 0 1 3 0 7 7 114 0.00 0.00 
1199 0 15 0 1 3 1 7 7 114 0.00 0.00 
1200 0 2 0 1 3 0 7 8 115 0.00 0.00 
1201 0 17 0 1 3 1 7 8 115 0.00 0.00 
1202 0 2 0 1 1 0 7 9 116 0.00 0.00 
1203 0 17 0 1 1 1 7 9 116 0.00 0.00 
1204 0 19 1 0 2 0 8 0 542 0.00 0.00 
1205 0 0 1 0 2 1 8 0 542 0.00 0.00 
1206 0 14 1 0 3 0 8 1 460 0.00 0.00 
1207 0 5 1 0 3 1 8 1 460 0.00 0.00 
1208 0 0 1 1 1 0 8 10 94 0.00 0.00 
1209 0 19 1 1 1 1 8 10 94 0.00 0.00 
1210 0 4 1 1 0 0 8 11 93 0.00 0.00 
1211 0 15 1 1 0 1 8 11 93 0.00 0.00 
1212 0 1 1 1 0 0 8 12 92 0.00 0.00 
1213 0 18 1 1 0 1 8 12 92 0.00 0.00 
1214 0 0 1 1 0 0 8 13 91 0.00 0.00 
1215 0 19 1 1 0 1 8 13 91 0.00 0.00 
1216 0 1 1 2 2 0 8 14 90 0.00 0.00 
1217 0 18 1 2 2 1 8 14 90 0.00 0.00 
1218 0 5 1 2 1 0 8 15 169 0.00 0.00 
1219 0 14 1 2 1 1 8 15 169 0.00 0.00 
1220 0 3 1 2 1 0 8 16 168 0.00 0.00 
1221 0 16 1 2 1 1 8 16 168 0.00 0.00 
1222 0 0 1 2 1 0 8 17 34 0.00 0.00 
1223 0 19 1 2 1 1 8 17 34 0.00 0.00 
1224 0 5 1 2 0 0 8 18 86 0.00 0.00 
1225 0 14 1 2 0 1 8 18 86 0.00 0.00 
1226 0 0 1 2 0 0 8 19 32 0.00 0.00 
1227 0 19 1 2 0 1 8 19 32 0.00 0.00 
1228 0 10 0 0 3 0 8 2 369 0.00 0.00 
1229 0 9 0 0 3 1 8 2 369 0.00 0.00 
1230 0 5 1 3 3 0 8 20 164 0.00 0.00 
1231 0 14 1 3 3 1 8 20 164 0.00 0.00 
1232 0 1 1 3 3 0 8 21 163 0.00 0.00 
1233 0 18 1 3 3 1 8 21 163 0.00 0.00 
1234 0 4 1 3 2 0 8 22 82 0.00 0.00 
1235 0 15 1 3 2 1 8 22 82 0.00 0.00 
1236 0 1 1 3 2 0 8 23 81 0.00 0.00 
1237 0 18 1 3 2 1 8 23 81 0.00 0.00 
1238 0 5 1 3 1 0 8 24 80 0.00 0.00 
1239 0 14 1 3 1 1 8 24 80 0.00 0.00 
1240 0 7 1 3 0 0 8 25 79 0.00 0.00 
1241 0 12 1 3 0 1 8 25 79 0.00 0.00 
1242 0 5 1 3 0 0 8 26 78 0.00 0.00 
1243 0 14 1 3 0 1 8 26 78 0.00 0.00 
1244 0 6 0 4 3 0 8 27 57 0.00 0.00 
1245 0 13 0 4 3 1 8 27 57 0.00 0.00 
1246 0 3 0 4 3 0 8 28 58 0.00 0.00 
1247 0 16 0 4 3 1 8 28 58 0.00 0.00 
1248 0 6 0 4 2 0 8 29 59 0.00 0.00 
1249 0 13 0 4 2 1 8 29 59 0.00 0.00 
1250 0 9 0 0 3 0 8 3 277 0.00 0.00 
1251 0 10 0 0 3 1 8 3 277 0.00 0.00 
1252 0 2 0 4 2 0 8 30 16 0.00 0.00 
1253 0 17 0 4 2 1 8 30 16 0.00 0.00 
1254 0 4 0 4 1 0 8 31 62 0.00 0.00 
1255 0 15 0 4 1 1 8 31 62 0.00 0.00 
1256 0 1 0 4 1 0 8 32 141 0.00 0.00 
1257 0 18 0 4 1 1 8 32 141 0.00 0.00 
1258 0 11 0 4 0 0 8 33 227 0.00 0.00 
1259 0 8 0 4 0 1 8 33 227 0.00 0.00 
1260 0 8 0 4 0 0 8 34 319 0.00 0.00 
1261 0 11 0 4 0 1 8 34 319 0.00 0.00 
1262 0 17 1 4 0 0 8 35 416 0.00 0.00 
1263 0 2 1 4 0 1 8 35 416 0.00 0.00 
1264 0 12 1 4 1 0 8 36 510 0.00 0.00 
1265 0 7 1 4 1 1 8 36 510 0.00 0.00 
1266 0 7 0 0 2 0 8 4 191 0.00 0.00 
1267 0 12 0 0 2 1 8 4 191 0.00 0.00 
1268 0 5 0 0 2 0 8 5 110 0.00 0.00 
1269 0 14 0 0 2 1 8 5 110 0.00 0.00 
1270 0 5 0 0 0 0 8 6 50 0.00 0.00 
1271 0 14 0 0 0 1 8 6 50 0.00 0.00 
1272 0 3 0 0 0 0 8 7 51 0.00 0.00 
1273 0 16 0 0 0 1 8 7 51 0.00 0.00 
1274 0 1 0 1 3 0 8 8 52 0.00 0.00 
1275 0 18 0 1 3 1 8 8 52 0.00 0.00 
1276 0 0 0 1 3 0 8 9 53 0.00 0.00 
1277 0 19 0 1 3 1 8 9 53 0.00 0.00 
1278 0 15 1 0 3 0 9 1 459 0.00 0.00 
1279 0 4 1 0 3 1 9 1 459 0.00 0.00 
1280 0 1 1 1 1 0 9 10 174 0.00 0.00 
1281 0 18 1 1 1 1 9 10 174 0.00 0.00 
1282 0 5 1 1 0 0 9 11 173 0.00 0.00 
1283 0 14 1 1 0 1 9 11 173 0.00 0.00 
1284 0 2 1 1 0 0 9 12 172 0.00 0.00 
1285 0 17 1 1 0 1 9 12 172 0.00 0.00 
1286 0 4 1 2 2 0 9 13 171 0.00 0.00 
1287 0 15 1 2 2 1 9 13 171 0.00 0.00 
1288 0 2 1 2 2 0 9 14 170 0.00 0.00 
1289 0 17 1 2 2 1 9 14 170 0.00 0.00 
1290 0 6 1 2 1 0 9 15 255 0.00 0.00 
1291 0 13 1 2 1 1 9 15 255 0.00 0.00 
1292 0 4 1 2 1 0 9 16 254 0.00 0.00 
1293 0 15 1 2 1 1 9 16 254 0.00 0.00 
1294 0 1 1 2 1 0 9 17 87 0.00 0.00 
1295 0 18 1 2 1 1 9 17 87 0.00 0.00 
1296 0 6 1 2 0 0 9 18 166 0.00 0.00 
1297 0 13 1 2 0 1 9 18 166 0.00 0.00 
1298 0 1 1 2 0 0 9 19 85 0.00 0.00 
1299 0 18 1 2 0 1 9 19 85 0.00 0.00 
1300 0 16 1 0 3 0 9 2 368 0.00 0.00 
1301 0 3 1 0 3 1 9 2 368 0.00 0.00 
1302 0 6 1 3 3 0 9 20 250 0.00 0.00 
1303 0 13 1 3 3 1 9 20 250 0.00 0.00 
1304 0 2 1 3 3 0 9 21 249 0.00 0.00 
1305 0 17 1 3 3 1 9 21 249 0.00 0.00 
1306 0 5 1 3 2 0 9 22 162 0.00 0.00 
1307 0 14 1 3 2 1 9 22 162 0.00 0.00 
1308 0 2 1 3 2 0 9 23 161 0.00 0.00 
1309 0 17 1 3 2 1 9 23 161 0.00 0.00 
1310 0 6 1 3 1 0 9 24 160 0.00 0.00 
1311 0 13 1 3 1 1 9 24 160 0.00 0.00 
1312 0 2 1 3 1 0 9 25 159 0.00 0.00 
1313 0 17 1 3 1 1 9 25 159 0.00 0.00 
1314 0 6 1 3 0 0 9 26 158 0.00 0.00 
1315 0 13 1 3 0 1 9 26 158 0.00 0.00 
1316 0 6 1 4 3 0 9 27 31 0.00 0.00 
1317 0 13 1 4 3 1 9 27 31 0.00 0.00 
1318 0 7 0 4 2 0 9 28 15 0.00 0.00 
1319 0 12 0 4 2 1 9 28 15 0.00 0.00 
1320 0 5 0 4 2 0 9 29 0 0.00 0.00 
1321 0 14 0 4 2 1 9 29 0 0.00 0.00 
1322 0 8 0 0 3 0 9 3 276 0.00 0.00 
1323 0 11 0 0 3 1 9 3 276 0.00 0.00 
1324 0 1 0 4 2 0 9 30 17 0.00 0.00 
1325 0 18 0 4 2 1 9 30 17 0.00 0.00 
1326 0 3 0 4 1 0 9 31 63 0.00 0.00 
1327 0 16 0 4 1 1 9 31 63 0.00 0.00 
1328 0 0 0 4 1 0 9 32 142 0.00 0.00 
1329 0 19 0 4 1 1 9 32 142 0.00 0.00 
1330 0 10 0 4 0 0 9 33 228 0.00 0.00 
1331 0 9 0 4 0 1 9 33 228 0.00 0.00 
1332 0 12 0 4 0 0 9 34 320 0.00 0.00 
1333 0 7 0 4 0 1 9 34 320 0.00 0.00 
1334 0 18 1 4 0 0 9 35 417 0.00 0.00 
1335 0 1 1 4 0 1 9 35 417 0.00 0.00 
1336 0 6 0 0 2 0 9 4 190 0.00 0.00 
1337 0 13 0 0 2 1 9 4 190 0.00 0.00 
1338 0 4 0 0 2 0 9 5 109 0.00 0.00 
1339 0 15 0 0 2 1 9 5 109 0.00 0.00 
1340 0 4 0 0 0 0 9 6 49 0.00 0.00 
1341 0 15 0 0 0 1 9 6 49 0.00 0.00 
1342 0 2 0 0 0 0 9 7 13 0.00 0.00 
1343 0 17 0 0 0 1 9 7 13 0.00 0.00 
1344 0 0 0 0 0 0 9 8 14 0.00 0.00 
1345 0 19 0 0 0 1 9 8 14 0.00 0.00 
1346 0 0 1 1 3 0 9 9 35 0.00 0.00 
1347 0 19 1 1 3 1 9 9 35 0.00 0.00 
